Category_4_8,3,SODA_WATER,11R11E11T11O11S11A11D11A11W
