Category_10_37,4,HONEY_BABY_DARLING,11L11H11N11G11R11I11O11E11A11B11N11Y11D11A11B11Y
