Category_13_0,5,CUPID_ROMANCE_CHOCOLATE_LOVE,11R11O11M11A11N11L11O11C11C11E11A11C11U11O11C11T11P11I11D11H11E11E11V11O11L
